3,217.0,60.0,18.4,54.9,130.0,80.0,21.3,75.24,172.3,27.0
1,229.0,53.0,16.3,36.4,126.0,77.0,15.7,55.8,165.0,25.0
3,181.0,49.0,12.0,44.8,152.0,92.0,20.1,78.0,179.6,31.0
2,219.0,53.0,15.2,41.4,147.0,76.0,18.4,71.1,174.5,32.0
2,217.0,45.0,27.1,43.5,127.0,70.0,17.1,67.7,173.8,28.0
2,153.0,27.0,21.0,23.8,119.0,64.0,22.0,55.4,165.4,36.0
4,146.0,18.0,0.8,22.7,135.0,72.0,32.2,63.7,164.5,42.0
2,234.0,42.0,12.3,45.9,137.0,84.0,36.9,77.2,174.9,33.0
3,148.0,34.0,18.6,40.4,165.0,85.0,27.6,67.5,166.8,54.0
2,213.0,55.0,12.1,57.9,156.0,81.0,14.4,84.6,185.0,28.0
1,211.0,68.0,16.0,43.5,110.0,63.0,19.3,65.4,169.2,42.0
4,90.0,0.0,30.0,21.5,106.0,69.0,20.9,49.0,153.0,57.0
3,144.0,28.0,13.1,23.1,116.0,69.0,35.5,53.9,156.0,27.0
3,232.0,55.0,19.2,52.5,103.0,71.0,11.3,67.9,175.7,22.0
3,213.0,54.0,7.2,48.9,120.0,80.0,20.4,84.4,181.0,24.0
1,155.0,30.0,19.0,34.1,144.0,93.0,30.9,63.1,159.0,45.0
3,178.0,39.0,22.9,25.7,120.0,82.0,30.2,66.6,164.2,25.0
1,239.0,61.0,17.8,59.6,135.0,64.0,9.7,71.5,179.9,26.0
2,225.0,53.0,15.1,41.3,129.0,63.0,21.0,70.6,169.2,26.0
2,137.0,36.0,20.5,25.4,133.0,78.0,18.9,47.2,162.7,21.0
3,160.0,39.0,10.7,25.0,128.0,89.0,31.3,63.36,161.7,25.0
1,122.0,25.0,29.1,36.8,143.0,76.0,30.2,62.7,155.9,59.0
4,215.0,62.0,19.7,26.1,111.0,70.0,23.2,67.3,166.7,38.0
2,196.0,49.0,11.6,44.5,115.0,65.0,12.9,63.3,170.0,44.0
3,169.0,32.0,27.5,24.6,126.0,91.0,29.6,59.4,164.1,23.0
3,131.0,43.0,4.0,39.3,146.0,96.0,30.5,70.7,169.0,62.0
4,151.0,32.0,8.1,25.9,117.0,70.0,29.2,53.5,158.3,47.0
4,211.0,24.0,3.7,33.8,125.0,83.0,31.4,84.5,175.8,48.0
3,232.0,54.0,8.1,46.2,139.0,81.0,24.5,81.3,176.0,36.0
1,143.0,30.0,24.4,30.8,103.0,63.0,24.4,57.1,159.8,50.0
3,246.0,38.0,26.4,36.4,127.0,80.0,15.7,70.7,170.9,25.0
3,223.0,51.0,9.1,50.0,129.0,66.0,16.3,77.2,176.7,26.0
1,145.0,37.0,23.0,37.2,123.0,82.0,24.5,51.54,159.5,28.0
4,192.0,40.0,-2.0,34.7,148.0,91.0,26.7,79.5,172.1,30.0
2,154.0,39.0,21.3,23.8,144.0,77.0,27.6,52.0,151.5,49.0
3,224.0,54.0,12.1,51.5,138.0,93.0,20.3,88.6,177.6,40.0
4,178.0,46.0,6.3,51.2,130.0,82.0,12.5,66.4,172.5,21.0
1,208.0,62.0,18.4,51.2,148.0,90.0,23.0,79.5,177.5,31.0
1,232.0,62.0,16.2,52.3,130.0,68.0,21.2,84.5,178.0,32.0
4,219.0,59.0,1.8,48.0,108.0,59.0,22.8,79.7,177.6,27.0
4,230.0,32.0,1.0,28.9,151.0,94.0,14.9,61.0,168.0,42.0
4,185.0,43.0,9.0,42.0,144.0,93.0,30.3,84.9,173.6,52.0
3,227.0,38.0,18.2,40.0,137.0,76.0,23.8,69.8,173.3,39.0
3,129.0,24.0,22.2,21.9,106.0,62.0,32.1,60.5,159.6,33.0
1,190.0,50.0,26.6,29.3,115.0,74.0,21.7,57.7,161.8,25.0
4,249.0,37.0,14.5,45.0,145.0,97.0,19.2,73.1,169.9,31.0
2,220.0,55.0,14.2,46.3,120.0,80.0,16.3,76.82,183.6,34.0
4,159.0,44.0,-9.9,19.9,102.0,62.0,24.9,66.1,172.1,26.0
1,247.0,55.0,18.8,52.6,147.0,83.0,15.0,82.1,180.1,28.0
2,205.0,38.0,18.3,36.8,150.0,93.0,19.8,64.0,164.2,58.0
1,246.0,55.0,24.7,51.4,149.0,94.0,14.7,75.4,169.8,48.0
1,234.0,56.0,18.1,45.4,130.0,72.0,14.4,65.9,180.1,23.0
3,139.0,19.0,14.7,25.1,106.0,64.0,27.3,51.7,157.2,38.0
2,164.0,33.0,20.2,32.1,139.0,88.0,31.9,69.3,168.3,43.0
4,105.0,5.0,2.1,16.6,122.0,80.0,35.8,51.3,159.5,21.0
2,198.0,30.0,17.8,41.6,147.0,90.0,16.5,56.9,166.7,56.0
3,232.0,43.0,16.2,40.2,110.0,63.0,17.1,66.2,164.4,24.0
3,111.0,20.0,17.4,18.7,127.0,71.0,32.9,46.4,146.5,58.0
4,153.0,25.0,3.6,50.7,123.0,78.0,30.5,103.1,174.1,42.0
4,205.0,22.0,7.1,46.2,144.0,93.0,21.9,80.0,185.4,45.0
3,241.0,47.0,20.9,42.1,144.0,88.0,23.4,78.8,168.9,37.0
4,193.0,55.0,7.2,45.9,152.0,93.0,30.1,83.6,175.3,31.0
3,160.0,28.0,13.5,24.0,124.0,88.0,22.4,50.8,164.0,43.0
1,178.0,48.0,25.5,28.1,119.0,71.0,29.6,58.9,162.4,23.0
2,120.0,30.0,25.5,20.8,120.0,77.0,31.4,63.7,165.0,59.0
4,140.0,17.0,6.7,34.1,122.0,62.0,31.6,75.5,166.6,63.0
2,213.0,48.0,12.1,49.5,133.0,85.0,17.8,77.6,174.2,40.0
4,159.0,23.0,13.4,29.7,114.0,66.0,39.6,55.7,150.5,27.0
2,133.0,15.0,20.7,28.8,103.0,67.0,33.3,62.4,160.2,56.0
1,233.0,54.0,16.6,47.7,129.0,74.0,10.7,75.0,179.0,35.0
4,218.0,25.0,3.4,36.9,140.0,79.0,26.6,78.0,172.7,30.0
3,184.0,27.0,9.5,35.4,140.0,85.0,30.2,62.7,160.2,56.0
1,220.0,53.0,16.8,46.7,153.0,86.0,21.5,80.5,171.5,36.0
3,211.0,31.0,13.9,40.4,125.0,85.0,17.3,66.5,175.1,60.0
4,213.0,50.0,9.8,36.7,118.0,70.0,24.3,70.6,172.2,22.0
4,219.0,46.0,-9.3,43.6,116.0,64.0,22.9,78.46,171.9,22.0
2,224.0,50.0,20.5,39.7,142.0,82.0,18.5,75.2,174.0,37.0
4,116.0,17.0,12.4,18.9,115.0,70.0,27.63524,53.6,158.1,21.0
2,194.0,54.0,12.7,45.6,157.0,82.0,19.5,74.3,170.4,21.0
2,132.0,12.0,18.4,29.3,137.0,80.0,34.6,62.7,158.6,60.0
4,164.0,18.0,23.1,25.2,108.0,76.0,26.2,64.2,168.5,27.0
1,135.0,23.0,22.4,29.6,130.0,79.0,33.6,60.5,156.3,59.0
2,157.0,25.0,18.2,25.1,117.0,72.0,26.8,54.1,157.0,47.0
1,175.0,39.0,29.4,27.5,127.0,69.0,23.5,50.6,161.3,21.0
2,220.0,35.0,11.3,39.3,140.0,84.0,18.3,68.7,177.0,51.0
2,225.0,49.0,16.0,48.8,144.0,99.0,17.3,66.2,171.0,48.0
3,156.0,39.0,20.0,39.5,130.0,82.0,18.0,66.2,170.0,49.0
1,165.0,46.0,28.6,23.1,127.0,86.0,21.7,51.0,158.1,41.0
1,197.0,57.0,22.9,28.5,135.0,85.0,24.5,45.5,159.0,24.0
1,260.0,68.0,14.7,52.7,127.0,73.0,15.4,79.0,178.4,35.0
3,130.0,28.0,22.9,19.7,123.0,78.0,32.8,56.3,156.7,26.0
1,237.0,64.0,17.1,51.5,136.0,81.0,13.8,78.4,178.5,35.0
1,239.0,54.0,22.2,45.1,127.0,67.0,11.8,65.1,171.2,25.0
2,210.0,56.0,24.3,53.4,130.0,68.0,17.9,71.7,176.4,30.0
2,213.0,48.0,20.6,47.6,135.0,76.0,19.8,86.4,175.4,27.0
1,242.0,54.0,18.7,49.6,151.0,90.0,21.5,65.7,166.7,41.0
3,136.0,17.0,18.6,21.1,134.0,69.0,32.0,57.2,158.4,50.0
3,188.0,54.0,19.0,34.6,115.0,75.0,30.4,72.0,175.8,22.0
2,162.0,44.0,11.1,47.9,135.0,83.0,19.5,70.9,173.0,56.0
4,136.0,30.0,17.9,22.9,127.0,84.0,27.2,52.2,159.1,46.0
3,196.0,33.0,10.8,42.3,127.0,87.0,21.7,79.5,180.5,44.0
4,120.0,5.0,7.0,24.9,124.0,75.0,41.3,71.5,162.2,25.0
1,155.0,41.0,29.8,22.8,138.0,73.0,26.5,48.6,156.3,25.0
4,162.0,15.0,8.6,28.3,115.0,71.0,15.0,59.1,170.0,59.0
4,200.0,42.0,1.9,39.3,139.0,97.0,30.0,82.5,178.4,30.0
1,242.0,55.0,17.2,47.7,120.0,81.0,10.8,67.2,176.0,24.0
4,201.0,33.0,5.4,33.7,128.0,83.0,25.5,70.9,168.8,39.0
2,170.0,53.0,14.5,47.9,151.0,98.0,22.0,74.6,170.3,27.0
1,228.0,59.0,19.7,59.8,146.0,87.0,19.3,78.8,172.8,33.0
3,130.0,23.0,23.5,31.0,118.0,72.0,20.3,52.4,163.6,28.0
2,165.0,38.0,15.6,32.1,118.0,72.0,21.9,59.7,166.2,28.0
1,239.0,46.0,22.5,49.7,128.0,88.0,12.9,64.7,179.2,35.0
3,194.0,38.0,5.3,41.1,130.0,82.0,28.9,76.4,177.8,34.0
1,229.0,56.0,15.3,48.8,120.0,70.0,16.3,84.18,184.7,35.0
2,218.0,59.0,18.1,50.0,120.0,80.0,19.5,73.77,173.2,34.0
3,209.0,47.0,18.6,43.3,145.0,78.0,22.0,61.18,164.3,25.0
2,254.0,64.0,21.1,48.3,120.0,80.0,15.2,68.7,169.2,32.0
3,162.0,24.0,31.3,26.3,120.0,77.0,22.6,56.1,169.1,21.0
1,253.0,56.0,22.8,40.9,143.0,86.0,15.7,76.9,183.5,22.0
2,155.0,38.0,16.5,20.5,155.0,98.0,23.0,46.9,156.9,22.0
2,201.0,63.0,21.7,40.2,154.0,88.0,16.8,64.5,172.1,24.0
1,229.0,55.0,16.7,49.2,129.0,59.0,15.9,75.1,178.2,27.0
1,215.0,41.0,29.4,26.5,112.0,63.0,16.9,48.1,164.4,21.0
4,150.0,16.0,4.3,21.2,117.0,59.0,30.5,49.1,164.1,46.0
1,183.0,44.0,23.7,29.7,118.0,83.0,29.2,51.7,162.2,29.0
4,200.0,59.0,21.4,32.6,110.0,76.0,19.0,51.7,162.7,23.0
4,183.0,25.0,13.7,36.6,112.0,63.0,15.8,67.2,177.9,51.0
2,257.0,56.0,11.7,52.5,123.0,83.0,17.2,84.6,184.8,28.0
3,130.0,25.0,12.5,22.3,130.0,80.0,26.7,44.3,164.7,23.0
1,222.0,47.0,16.1,57.0,129.0,81.0,27.3,93.5,178.3,30.0
1,159.0,47.0,21.1,25.7,126.0,71.0,30.7,51.7,160.1,25.0
3,185.0,48.0,10.0,46.5,149.0,81.0,27.6,69.8,172.7,28.0
3,208.0,46.0,11.7,42.7,132.0,93.0,23.4,73.2,178.3,22.0
4,180.0,37.0,6.1,36.3,148.0,90.0,29.0,72.7,167.7,51.0
1,204.0,50.0,21.6,31.8,108.0,70.0,19.3,49.9,165.1,24.0
1,173.0,37.0,28.0,27.3,111.0,60.0,19.5,47.8,160.3,27.0
4,58.0,0.0,3.0,25.7,111.0,71.0,37.0,62.2,153.2,61.0
2,235.0,66.0,13.0,45.9,125.0,72.0,20.6,71.9,169.5,30.0
3,211.0,41.0,26.0,53.7,140.0,95.0,20.4,73.3,180.2,42.0
4,210.0,36.0,-6.9,28.6,134.0,75.0,32.1,91.7,180.3,22.0
3,165.0,41.0,14.7,23.2,121.0,77.0,31.4,62.5,164.7,23.0
3,171.0,35.0,22.5,22.2,130.0,77.0,20.7,54.5,160.2,27.0
2,181.0,53.0,16.2,47.3,135.0,75.0,25.3,70.7,167.9,29.0
2,188.0,41.0,9.8,40.5,152.0,84.0,25.7,67.6,165.6,62.0
4,226.0,52.0,10.9,44.6,157.0,93.0,33.3,92.9,169.2,21.0
3,243.0,49.0,13.0,49.5,141.0,94.0,12.6,74.7,184.1,25.0
2,150.0,37.0,21.5,27.5,133.0,77.0,30.5,64.1,166.9,31.0
3,248.0,54.0,13.0,39.4,124.0,77.0,16.5,66.4,175.0,21.0
2,204.0,46.0,26.2,46.0,153.0,92.0,20.5,66.3,171.6,38.0
3,126.0,27.0,14.6,29.9,102.0,55.0,29.2,64.2,178.1,23.0
1,195.0,40.0,20.5,37.7,148.0,89.0,22.0,61.5,170.1,56.0
4,182.0,33.0,22.0,30.1,140.0,75.0,24.5,71.0,170.3,59.0
1,186.0,44.0,31.7,27.0,109.0,61.0,21.7,54.3,164.4,23.0
4,186.0,29.0,10.2,39.6,127.0,77.0,30.4,75.5,170.0,52.0
3,198.0,37.0,18.6,43.1,135.0,96.0,19.0,74.66,178.0,33.0
2,165.0,31.0,19.4,25.3,132.0,85.0,24.1,51.6,154.9,58.0
3,169.0,47.0,20.8,27.3,103.0,71.0,36.5,61.4,160.9,21.0
2,231.0,53.0,10.1,39.7,155.0,78.0,18.6,72.86,176.0,27.0
3,229.0,46.0,12.1,39.1,137.0,76.0,14.3,65.3,173.5,27.0
3,167.0,44.0,12.2,33.3,131.0,75.0,32.9,62.3,163.0,21.0
2,212.0,30.0,9.5,42.1,156.0,88.0,24.1,66.0,168.5,57.0
1,186.0,48.0,29.7,30.7,125.0,74.0,15.2,52.84,166.7,29.0
4,219.0,36.0,8.5,34.2,137.0,73.0,20.0,70.0,170.0,45.0
2,174.0,43.0,16.7,24.7,109.0,60.0,34.8,64.4,155.5,24.0
2,171.0,26.0,18.0,25.4,151.0,89.0,19.6,52.5,163.9,50.0
1,195.0,52.0,12.3,47.1,124.0,70.0,11.4,68.4,173.0,60.0
2,211.0,29.0,25.0,42.7,144.0,93.0,23.3,63.9,163.7,62.0
2,161.0,36.0,18.7,20.8,105.0,64.0,19.6,45.3,159.2,39.0
1,148.0,37.0,22.6,34.9,115.0,74.0,27.1,60.4,162.2,22.0
3,110.0,16.0,13.5,20.5,117.0,72.0,30.1,52.2,156.5,54.0
3,195.0,31.0,7.0,39.2,112.0,75.0,28.2,68.5,167.2,48.0
1,140.0,27.0,21.1,27.5,130.0,83.0,30.9,63.1,160.9,61.0
1,206.0,41.0,16.0,47.3,154.0,86.0,23.1,76.0,172.5,60.0
3,223.0,41.0,11.6,45.0,123.0,77.0,23.7,67.2,168.6,27.0
1,174.0,36.0,26.3,26.9,143.0,91.0,22.5,51.4,162.5,40.0
2,215.0,39.0,15.4,47.3,142.0,86.0,19.9,65.64,172.1,36.0
2,188.0,29.0,15.8,40.6,139.0,89.0,30.1,74.9,168.5,58.0
3,130.0,23.0,15.7,23.9,129.0,78.0,31.3,55.6,152.8,55.0
3,157.0,59.0,13.7,24.5,117.0,61.0,31.5,57.9,158.1,25.0
1,248.0,65.0,21.5,46.2,134.0,77.0,10.9,64.5,169.6,21.0
1,164.0,43.0,28.8,32.9,127.0,84.0,31.7,57.5,163.8,23.0
2,166.0,33.0,7.6,34.9,114.0,66.0,8.5,61.3,165.8,64.0
2,257.0,49.0,16.8,50.8,151.0,82.0,18.8,84.4,187.4,21.0
3,117.0,11.0,18.8,25.5,132.0,83.0,35.1,51.6,149.4,56.0
1,240.0,67.0,19.9,38.8,114.0,68.0,16.4,61.4,167.3,22.0
3,170.0,31.0,21.7,25.0,102.0,58.0,31.1,62.0,165.4,28.0
2,152.0,20.0,18.5,23.5,126.0,68.0,27.5,46.9,152.7,53.0
4,237.0,35.0,25.5,37.7,123.0,70.0,23.2,62.7,165.7,23.0
1,206.0,45.0,22.1,50.1,141.0,82.0,22.7,80.9,176.8,46.0
4,134.0,0.0,10.7,22.7,125.0,85.0,37.7,54.7,148.2,56.0
1,203.0,52.0,28.7,48.3,113.0,69.0,18.1,71.0,172.0,44.0
2,244.0,49.0,14.1,47.8,110.0,69.0,13.9,68.4,173.8,27.0
1,201.0,47.0,24.2,47.8,160.0,99.0,26.6,71.5,166.5,45.0
4,135.0,22.0,9.0,35.6,141.0,81.0,36.7,73.8,164.7,63.0
1,231.0,51.0,16.0,50.6,145.0,79.0,14.1,83.6,183.4,26.0
2,205.0,60.0,16.6,47.4,127.0,80.0,24.1,72.2,170.8,32.0
1,168.0,39.0,23.3,27.9,120.0,77.0,18.9,50.3,167.0,22.0
4,156.0,42.0,11.6,50.9,133.0,61.0,28.0,84.7,175.0,21.0
2,213.0,55.0,15.4,40.8,138.0,81.0,17.2,75.5,178.9,21.0
1,145.0,35.0,23.0,27.9,159.0,97.0,27.9,53.4,148.0,54.0
2,278.0,56.0,19.9,58.9,122.0,67.0,15.4,82.8,179.0,21.0
3,224.0,47.0,13.2,39.7,141.0,94.0,23.6,64.8,163.9,24.0
1,196.0,47.0,15.1,59.2,129.0,75.0,18.9,84.66,178.0,31.0
2,209.0,52.0,22.0,40.9,156.0,76.0,19.9,77.1,180.9,27.0
2,155.0,41.0,19.4,23.6,151.0,96.0,28.4,54.2,163.8,22.0
4,125.0,4.0,20.2,28.9,136.0,93.0,37.6,56.4,152.6,61.0
2,190.0,28.0,10.9,33.6,128.0,78.0,16.7,60.9,171.9,60.0
1,178.0,38.0,22.6,27.4,106.0,62.0,20.6,50.0,160.0,41.0
2,188.0,34.0,22.4,40.6,151.0,98.0,25.9,67.8,166.1,59.0
3,203.0,41.0,13.0,40.7,136.0,92.0,21.2,71.2,174.5,51.0
3,217.0,40.0,12.7,34.1,131.0,70.0,19.4,70.5,181.1,34.0
1,202.0,54.0,27.1,30.0,103.0,66.0,16.0,53.2,169.2,22.0
1,198.0,43.0,23.1,28.5,99.0,61.0,23.2,55.1,162.1,22.0
1,178.0,47.0,21.5,25.2,103.0,66.0,17.2,47.8,161.8,23.0
4,113.0,37.0,16.1,16.6,126.0,81.0,37.5,55.5,152.3,27.0
2,179.0,37.0,23.6,26.4,144.0,99.0,36.1,63.7,160.9,25.0
1,167.0,35.0,23.0,16.2,110.0,66.0,17.3,38.1,149.5,37.0
3,210.0,44.0,6.4,28.5,124.0,67.0,16.3,50.1,170.0,21.0
3,225.0,38.0,5.1,39.3,140.0,82.0,15.6,67.6,174.0,31.0
3,223.0,33.0,9.9,45.0,147.0,88.0,22.2,73.3,176.2,49.0
3,233.0,44.0,9.1,42.0,115.0,66.0,17.8,81.0,182.5,27.0
3,110.0,25.0,17.5,25.1,104.0,67.0,23.3,57.0,155.9,49.0
3,149.0,24.0,12.5,30.1,124.0,80.0,26.6,55.0,156.6,36.0
4,188.0,36.0,8.7,32.0,126.0,85.0,23.8,76.3,179.2,33.0
2,118.0,12.0,23.5,26.9,152.0,89.0,37.3,56.16,146.5,61.0
1,186.0,47.0,23.8,39.1,102.0,55.0,23.7,70.0,166.9,24.0
2,215.0,49.0,20.1,38.2,131.0,81.0,26.0,63.9,168.8,25.0
2,152.0,30.0,18.1,22.4,128.0,77.0,35.2,55.9,161.4,28.0
1,128.0,43.0,20.6,26.9,116.0,69.0,32.6,57.2,162.6,26.0
3,194.0,33.0,2.8,46.0,123.0,75.0,22.6,68.0,175.0,62.0
1,211.0,55.0,22.4,47.4,120.0,83.0,23.3,75.6,172.4,51.0
2,219.0,46.0,16.2,67.6,128.0,70.0,24.7,103.4,180.2,26.0
2,157.0,32.0,30.1,25.6,110.0,71.0,29.2,56.6,160.7,21.0
1,186.0,41.0,28.0,25.0,157.0,95.0,23.2,46.7,149.0,56.0
2,217.0,56.0,18.2,38.9,143.0,86.0,27.5,74.8,165.4,52.0
2,174.0,39.0,22.3,29.9,125.0,68.0,35.3,64.9,169.2,21.0
3,132.0,16.0,14.3,24.2,118.0,70.0,36.2,60.4,157.2,56.0
2,228.0,59.0,16.3,48.8,149.0,98.0,17.9,67.1,169.9,36.0
1,183.0,36.0,24.5,28.2,108.0,68.0,25.5,55.6,163.5,32.0
4,145.0,11.0,24.3,23.4,116.0,76.0,25.4,49.7,159.9,21.0
2,160.0,28.0,14.2,26.9,123.0,82.0,20.7,63.9,165.8,63.0
1,248.0,68.0,26.3,50.9,127.0,88.0,21.9,69.8,168.0,32.0
2,247.0,66.0,11.4,44.5,126.0,71.0,13.8,75.5,175.1,28.0
2,220.0,40.0,19.8,57.9,132.0,93.0,25.0,84.1,169.8,40.0
2,172.0,37.0,20.8,21.8,93.0,60.0,27.6,56.9,158.8,26.0
4,118.0,20.0,1.2,12.1,128.0,67.0,35.9,49.9,156.9,56.0
1,234.0,61.0,16.3,44.0,118.0,51.0,15.0,69.9,168.4,22.0
4,213.0,40.0,3.3,35.0,121.0,82.0,27.5,72.6,172.7,29.0
4,162.0,12.0,-2.4,35.1,142.0,70.0,28.7,86.4,171.6,61.0
3,134.0,24.0,20.5,19.5,122.0,82.0,29.4,51.4,162.9,54.0
3,186.0,35.0,20.2,34.3,143.0,91.0,23.8,66.4,168.8,56.0
3,204.0,46.0,7.8,45.9,149.0,91.0,19.2,72.7,173.0,36.0
3,241.0,44.0,18.3,45.3,154.0,98.0,19.1,65.66,167.5,24.0
3,122.0,12.0,20.1,24.8,154.0,99.0,41.4,51.6,145.7,59.0
3,131.0,26.0,10.9,21.6,116.0,75.0,30.4,47.9,158.2,23.0
2,246.0,47.0,17.3,43.3,150.0,99.0,18.0,73.4,179.3,41.0
3,216.0,37.0,14.3,38.1,136.0,85.0,22.2,61.7,169.9,35.0
2,230.0,42.0,14.5,43.5,116.0,84.0,23.6,65.5,163.7,30.0
3,170.0,43.0,14.8,29.1,117.0,63.0,24.3,63.8,167.8,44.0
4,193.0,50.0,6.0,37.7,130.0,83.0,28.0,74.0,170.0,28.0
4,151.0,40.0,16.2,38.1,110.0,60.0,20.1,65.0,169.5,22.0
3,221.0,45.0,7.7,44.7,123.0,73.0,21.06,74.7,187.9,21.0
4,181.0,29.0,7.4,42.8,142.0,99.0,22.4,75.1,170.0,53.0
1,163.0,41.0,21.4,25.0,128.0,81.0,22.7,48.9,158.4,21.0
2,126.0,27.0,17.9,22.9,121.0,76.0,29.2,58.2,157.6,63.0
4,143.0,22.0,-4.4,28.9,116.0,72.0,28.4,53.0,161.1,23.0
1,205.0,40.0,16.6,41.2,130.0,74.0,23.6,71.9,174.7,62.0
4,216.0,50.0,1.5,49.7,151.0,96.0,29.3,90.0,179.7,32.0
3,230.0,47.0,6.2,47.4,111.0,65.0,15.5,71.6,172.3,38.0
1,235.0,57.0,19.0,64.3,127.0,77.0,24.7,80.2,180.3,24.0
3,199.0,48.0,23.0,48.9,136.0,79.0,19.8,79.4,183.3,23.0
1,173.0,38.0,15.8,43.1,152.0,79.0,18.9,71.66,172.4,63.0
1,223.0,54.0,21.5,49.6,126.0,75.0,7.8,73.38,178.8,27.0
1,148.0,42.0,28.6,25.1,133.0,74.0,29.6,54.34,158.2,59.0
1,186.0,40.0,18.9,27.4,130.0,84.0,25.9,53.7,166.5,36.0
2,174.0,50.0,20.5,31.0,115.0,61.0,26.0,65.8,167.5,34.0
4,185.0,42.0,4.5,46.1,120.0,70.0,26.8,90.5,180.4,23.0
4,174.0,28.0,24.2,15.2,139.0,84.0,28.4,49.7,158.8,21.0
3,232.0,54.0,12.7,56.8,117.0,80.0,18.9,89.9,177.0,24.0
2,216.0,40.0,12.5,45.4,114.0,67.0,20.6,75.5,170.0,55.0
1,239.0,55.0,20.2,45.7,120.0,80.0,12.4,68.6,169.0,43.0
2,189.0,33.0,27.2,23.0,108.0,66.0,21.3,54.0,159.3,22.0
1,237.0,46.0,14.5,43.9,138.0,88.0,17.8,69.4,173.9,46.0
4,200.0,38.0,9.3,35.6,114.0,75.0,24.7,77.5,176.0,24.0
1,149.0,27.0,23.6,24.4,127.0,95.0,23.2,57.6,164.0,56.0
4,217.0,41.0,23.0,47.8,130.0,84.0,25.1,76.8,171.4,28.0
4,150.0,13.0,-5.0,22.5,102.0,57.0,20.3,59.3,160.4,53.0
1,215.0,50.0,16.7,55.4,132.0,69.0,12.6,76.5,179.2,30.0
4,160.0,22.0,19.4,18.6,120.0,70.0,40.2,56.9,153.0,21.0
3,125.0,11.0,16.5,24.7,133.0,74.0,37.6,65.3,162.0,59.0
1,183.0,51.0,19.9,26.8,148.0,68.0,29.4,56.9,164.6,27.0
2,241.0,61.0,20.0,54.3,145.0,97.0,18.0,82.2,179.9,38.0
2,212.0,60.0,23.3,44.6,132.0,87.0,20.7,72.4,167.9,41.0
2,162.0,32.0,16.8,25.8,138.0,82.0,34.2,60.2,168.4,21.0
3,204.0,43.0,28.0,26.6,116.0,73.0,29.6,53.4,163.7,23.0
3,172.0,42.0,10.1,23.8,112.0,73.0,25.3,47.6,166.3,21.0
1,174.0,31.0,14.3,37.1,193.0,84.0,28.7,68.2,160.5,63.0
3,225.0,45.0,11.2,52.6,133.0,80.0,12.3,72.4,182.9,22.0
4,185.0,25.0,16.5,30.1,134.0,95.0,16.8,52.5,170.3,28.0
3,158.0,36.0,18.7,30.2,112.0,62.0,33.1,57.9,154.0,25.0
3,225.0,45.0,9.3,46.4,134.0,79.0,21.5,90.1,176.9,39.0
3,221.0,49.0,20.4,35.6,142.0,70.0,25.2,80.0,180.6,22.0
1,240.0,65.0,27.8,42.8,134.0,78.0,14.7,62.9,170.2,30.0
4,231.0,52.0,27.7,54.0,143.0,98.0,23.1,108.9,185.2,30.0
2,158.0,47.0,21.1,27.7,134.0,81.0,32.6,59.7,162.8,24.0
2,182.0,26.0,18.8,35.5,145.0,87.0,30.9,68.5,163.8,64.0
1,181.0,38.0,27.8,33.5,146.0,84.0,31.3,68.8,166.0,22.0
4,100.0,20.0,12.8,17.0,130.0,85.0,34.9,60.0,155.5,64.0
2,225.0,51.0,15.4,35.2,113.0,68.0,16.4,67.1,170.1,26.0
1,167.0,32.0,19.6,25.2,128.0,78.0,30.8,50.6,159.3,39.0
2,205.0,38.0,13.3,39.0,143.0,96.0,28.4,67.0,165.2,50.0
1,137.0,35.0,21.7,25.0,106.0,75.0,30.7,59.1,159.2,45.0
4,130.0,16.0,19.5,20.8,103.0,70.0,33.6,49.1,150.3,52.0
1,230.0,58.0,21.8,51.5,130.0,87.0,9.2,75.7,184.0,25.0
2,221.0,55.0,11.5,44.6,119.0,75.0,9.9,63.7,175.3,25.0
2,197.0,51.0,12.1,49.0,125.0,83.0,23.8,82.7,177.3,35.0
2,168.0,28.0,17.3,40.4,135.0,79.0,24.3,76.1,169.4,63.0
1,228.0,53.0,14.6,46.9,140.0,81.0,20.0,71.1,167.0,31.0
2,121.0,30.0,20.3,23.9,112.0,68.0,14.0,51.0,158.1,42.0
3,135.0,21.0,19.6,22.1,115.0,62.0,17.8,46.2,158.6,25.0
3,137.0,38.0,23.8,21.7,110.0,70.0,25.1,49.4,156.1,24.0
3,163.0,60.0,24.9,39.4,118.0,78.0,18.3,67.5,175.1,22.0
4,174.0,44.0,9.2,45.2,133.0,64.0,31.5,83.3,172.9,26.0
3,167.0,46.0,21.5,28.1,155.0,82.0,23.5,54.9,166.0,22.0
3,182.0,38.0,17.4,32.9,155.0,86.0,23.2,58.7,168.0,46.0
2,222.0,44.0,21.3,52.8,137.0,83.0,23.0,86.0,181.2,37.0
3,241.0,51.0,23.5,42.6,139.0,93.0,13.5,84.2,170.0,28.0
4,200.0,1.0,-12.0,35.7,125.0,96.0,24.3,74.8,176.1,24.0
4,202.0,49.0,-6.6,35.2,132.0,82.0,34.4,75.9,170.0,27.0
4,213.0,52.0,8.0,42.4,143.0,83.0,25.2,74.6,171.0,28.0
3,168.0,39.0,26.8,35.7,133.0,85.0,27.9,58.5,163.5,23.0
3,215.0,52.0,7.4,43.3,117.0,78.0,19.9,68.9,170.8,39.0
2,115.0,27.0,18.5,23.1,130.0,80.0,41.3,58.9,154.6,55.0
4,182.0,1.0,7.1,36.3,135.0,85.0,35.8,93.1,176.2,41.0
2,152.0,30.0,23.9,25.4,124.0,73.0,26.7,55.78,165.8,36.0
1,254.0,57.0,19.7,52.2,148.0,86.0,15.7,71.8,172.7,29.0
2,216.0,47.0,16.7,46.4,122.0,8.0,22.8,77.6,173.1,35.0
3,213.0,39.0,7.8,46.3,126.0,95.0,24.2,81.7,177.0,41.0
3,126.0,44.0,10.3,29.0,124.0,76.0,29.6,58.7,161.8,23.0
3,232.0,43.0,7.2,50.5,120.0,83.0,17.5,73.3,175.8,22.0
3,119.0,16.0,15.0,24.4,103.0,68.0,31.5,55.2,159.5,52.0
4,167.0,36.0,24.4,40.2,143.0,87.0,26.3,81.2,175.1,63.0
4,144.0,16.0,-1.4,34.2,154.0,82.0,19.8,56.5,159.3,64.0
2,199.0,42.0,14.3,43.7,117.0,80.0,22.0,81.2,175.7,41.0
2,178.0,59.0,21.0,27.1,77.0,37.0,27.0,49.3,158.5,22.0
4,166.0,39.0,9.8,29.7,102.0,54.0,30.7,67.8,170.5,21.0
4,214.0,28.0,5.2,48.7,155.0,95.0,25.9,87.9,177.4,44.0
1,164.0,33.0,20.5,21.6,118.0,70.0,29.1,51.1,157.3,50.0
4,249.0,53.0,1.5,44.0,120.0,80.0,13.6,69.26,180.8,26.0
3,185.0,32.0,14.2,33.7,153.0,99.0,23.7,65.7,167.0,53.0
2,231.0,55.0,17.2,51.0,129.0,92.0,23.6,85.8,185.0,29.0
4,204.0,44.0,12.2,40.4,129.0,82.0,28.5,87.7,177.7,47.0
1,270.0,58.0,20.9,49.1,139.0,92.0,12.4,74.3,179.4,25.0
1,162.0,32.0,25.7,28.7,115.0,67.0,16.6,50.4,159.1,40.0
3,154.0,29.0,14.1,23.9,123.0,75.0,17.1,47.8,161.2,51.0
1,185.0,32.0,27.6,27.9,122.0,70.0,16.1,47.7,163.3,40.0
3,159.0,49.0,12.3,31.3,132.0,83.0,26.9,64.9,169.8,27.0
4,217.0,37.0,-13.1,37.9,121.0,76.0,23.9,78.1,179.4,24.0
3,228.0,52.0,12.3,35.9,130.0,62.0,12.6,68.3,171.4,28.0
4,173.0,22.0,-1.3,32.7,150.0,97.0,36.2,104.9,174.6,43.0
2,182.0,44.0,10.5,40.2,149.0,82.0,18.9,68.9,176.0,54.0
3,175.0,39.0,19.5,29.0,110.0,80.0,24.5,54.8,167.2,23.0
2,230.0,58.0,23.8,45.9,143.0,82.0,14.9,69.9,175.4,28.0
3,185.0,38.0,6.0,39.6,145.0,95.0,20.6,66.0,170.0,29.0
4,207.0,42.0,3.3,46.7,138.0,77.0,23.1,75.5,163.0,54.0
3,243.0,43.0,16.6,48.5,123.0,76.0,17.9,83.9,178.6,23.0
4,149.0,41.0,21.4,29.1,124.0,72.0,32.8,70.1,158.3,35.0
2,168.0,41.0,18.7,24.6,118.0,57.0,29.8,61.8,161.4,29.0
4,193.0,40.0,-7.7,35.6,122.0,66.0,28.2,80.2,174.1,37.0
3,243.0,51.0,8.1,51.1,128.0,62.0,13.7,72.9,178.8,29.0
2,220.0,40.0,11.5,31.0,118.0,78.0,20.2,59.3,160.0,45.0
4,154.0,24.0,7.9,21.3,111.0,73.0,29.1,51.3,159.1,22.0
3,231.0,52.0,16.8,46.7,142.0,83.0,22.8,78.1,174.3,47.0
4,192.0,44.0,2.9,50.4,143.0,86.0,24.7,85.2,176.9,44.0
1,173.0,40.0,26.0,30.3,110.0,68.0,20.7,53.9,161.9,26.0
1,229.0,54.0,17.1,42.2,150.0,91.0,24.3,74.8,165.9,32.0
3,157.0,37.0,11.0,19.9,112.0,59.0,22.4,49.4,161.5,48.0
4,138.0,23.0,9.0,34.5,141.0,91.0,15.9,56.68,162.3,56.0
4,236.0,44.0,11.2,41.0,152.0,99.0,17.5,73.4,180.6,26.0
2,158.0,57.0,11.6,51.0,138.0,79.0,18.1,71.4,177.1,22.0
2,165.0,40.0,15.8,35.9,141.0,91.0,16.5,51.8,166.2,43.0
1,190.0,35.0,20.4,33.4,112.0,58.0,25.9,63.0,170.0,37.0
1,175.0,42.0,30.4,27.6,133.0,73.0,33.4,53.9,162.7,33.0
3,225.0,39.0,7.0,49.7,147.0,98.0,22.0,71.0,168.6,48.0
4,240.0,52.0,2.9,34.2,128.0,71.0,14.7,66.6,175.8,22.0
4,206.0,39.0,0.2,31.6,139.0,80.0,27.0,79.0,173.9,27.0
1,216.0,54.0,21.3,42.5,150.0,90.0,17.2,71.7,171.4,38.0
2,205.0,26.0,13.0,41.0,152.0,65.0,17.8,64.02,164.5,62.0
2,253.0,58.0,10.6,46.6,106.0,64.0,12.7,69.3,176.5,31.0
1,276.0,60.0,26.8,50.3,128.0,63.0,15.0,69.8,175.0,22.0
2,209.0,46.0,10.3,53.9,118.0,62.0,5.0,79.1,179.0,29.0
3,217.0,57.0,7.0,36.5,102.0,65.0,23.9,73.6,170.0,22.0
2,138.0,19.0,18.5,22.0,121.0,65.0,23.2,43.8,153.9,50.0
2,209.0,45.0,15.4,45.3,126.0,72.0,21.2,71.8,176.3,32.0
4,204.0,35.0,14.9,37.9,144.0,85.0,28.6,71.1,163.5,46.0
2,218.0,48.0,11.9,45.7,134.0,79.0,19.4,78.2,178.0,31.0
2,248.0,51.0,16.7,49.7,127.0,74.0,13.1,70.0,179.6,22.0
3,211.0,46.0,7.8,46.2,109.0,76.0,20.5,83.7,176.2,28.0
4,204.0,60.0,27.5,39.3,128.0,99.0,29.6,83.8,173.7,31.0
1,186.0,41.0,13.5,33.0,124.0,60.0,13.6,57.6,165.7,59.0
4,135.0,13.0,20.1,24.6,155.0,96.0,43.5,79.3,162.1,34.0
3,233.0,35.0,14.1,42.8,117.0,79.0,11.5,60.5,170.8,37.0
2,115.0,21.0,26.0,23.3,159.0,98.0,28.2,50.1,153.2,64.0
3,87.0,23.0,20.2,20.0,142.0,77.0,31.1,52.1,147.4,63.0
3,108.0,33.0,34.8,18.1,115.0,79.0,26.1,53.1,160.0,25.0
4,133.0,0.0,20.6,30.2,154.0,91.0,32.1,68.6,159.2,57.0
1,240.0,50.0,17.8,47.8,118.0,73.0,17.0,74.9,177.1,41.0
3,212.0,57.0,7.1,46.3,139.0,85.0,19.5,87.0,179.5,27.0
2,189.0,43.0,11.9,40.0,148.0,95.0,26.8,69.5,166.9,48.0
1,160.0,52.0,22.0,24.2,111.0,63.0,23.9,50.1,157.6,26.0
1,230.0,51.0,21.3,56.9,130.0,79.0,18.3,90.8,179.5,30.0
2,233.0,57.0,20.5,45.9,157.0,87.0,19.7,71.0,175.0,34.0
4,234.0,39.0,-11.0,45.4,150.0,91.0,11.6,67.6,182.7,23.0
3,195.0,44.0,15.6,42.8,141.0,89.0,21.0,77.9,185.0,30.0
2,226.0,58.0,21.2,49.8,120.0,88.0,22.0,72.6,175.0,25.0
3,217.0,38.0,28.5,54.7,142.0,84.0,20.5,79.68,174.3,25.0
3,194.0,45.0,6.7,45.5,131.0,85.0,22.6,79.0,184.6,35.0
2,143.0,19.0,16.6,28.0,145.0,96.0,23.7,56.2,162.4,54.0
2,158.0,23.0,20.2,27.9,114.0,69.0,25.1,53.2,154.6,50.0
4,119.0,20.0,-14.3,28.8,147.0,89.0,39.1,103.6,175.1,21.0
1,126.0,29.0,20.9,22.7,112.0,67.0,27.1,55.2,163.6,64.0
3,209.0,53.0,9.4,53.4,152.0,85.0,17.1,71.2,173.6,24.0
2,174.0,43.0,23.8,35.9,127.0,85.0,30.1,65.7,167.8,39.0
3,238.0,52.0,21.0,44.7,138.0,72.0,17.6,80.1,183.0,21.0
4,197.0,39.0,6.0,35.3,143.0,84.0,29.1,73.8,165.8,27.0
1,243.0,59.0,22.9,46.3,152.0,85.0,20.3,74.1,166.7,36.0
3,169.0,30.0,27.3,30.5,134.0,77.0,36.7,63.9,162.7,23.0
2,153.0,42.0,24.7,26.2,101.0,63.0,22.1,52.0,164.8,24.0
3,140.0,18.0,12.5,29.4,120.0,80.0,25.3,68.1,162.4,62.0
3,188.0,20.0,22.5,23.6,118.0,67.0,26.4,52.0,161.5,39.0
3,150.0,11.0,28.3,23.0,141.0,90.0,31.1,50.7,155.0,62.0
3,167.0,48.0,10.1,30.6,112.0,79.0,34.2,59.3,154.8,22.0
4,121.0,7.0,21.2,22.4,148.0,94.0,32.8,62.3,158.0,64.0
4,168.0,61.0,5.9,49.6,131.0,80.0,23.0,80.2,172.1,22.0
3,212.0,49.0,13.9,56.4,139.0,89.0,20.7,76.3,172.9,22.0
3,163.0,45.0,23.3,21.8,105.0,68.0,28.9,53.7,165.2,24.0
3,198.0,50.0,13.4,31.7,115.0,73.0,22.9,65.76,171.3,43.0
4,234.0,31.0,7.5,42.1,136.0,94.0,19.3,70.4,176.4,25.0
3,166.0,30.0,24.5,28.3,133.0,89.0,21.8,48.9,156.1,36.0
4,200.0,36.0,-7.0,40.7,133.0,74.0,16.4,73.4,181.9,49.0
2,148.0,21.0,24.7,22.1,108.0,65.0,32.6,54.4,150.9,54.0
1,215.0,38.0,16.5,45.5,140.0,77.0,20.3,76.3,173.7,56.0
4,232.0,49.0,16.1,44.9,155.0,71.0,22.57,86.4,179.3,24.0
1,238.0,42.0,16.3,48.1,151.0,81.0,11.3,69.2,176.1,46.0
3,120.0,24.0,10.2,23.0,130.0,80.0,32.8,51.8,160.0,24.0
3,199.0,58.0,12.5,45.9,141.0,65.0,20.1,78.7,174.8,21.0
2,193.0,47.0,17.0,26.5,113.0,68.0,27.3,48.9,160.8,21.0
2,174.0,30.0,19.8,26.9,96.0,60.0,30.2,57.5,168.1,25.0
3,200.0,64.0,19.3,27.2,136.0,78.0,12.4,61.6,169.5,21.0
3,224.0,27.0,12.8,33.7,112.0,56.0,23.0,69.0,169.0,51.0
3,182.0,42.0,14.6,42.2,133.0,85.0,9.9,66.26,175.8,21.0
4,203.0,33.0,-3.0,33.3,136.0,74.0,24.5,72.5,171.6,21.0
4,149.0,15.0,15.6,28.4,141.0,77.0,22.9,46.8,157.6,44.0
2,121.0,19.0,25.0,21.3,157.0,83.0,30.4,54.9,153.3,62.0
3,173.0,30.0,6.7,33.3,142.0,92.0,22.1,71.8,174.4,63.0
1,170.0,37.0,21.8,32.4,123.0,77.0,26.5,61.0,163.1,38.0
2,151.0,28.0,26.6,22.7,125.0,63.0,23.2,60.4,166.2,38.0
1,203.0,51.0,19.5,39.3,139.0,82.0,16.9,61.3,163.4,52.0
3,185.0,35.0,9.5,55.5,145.0,78.0,24.9,89.3,177.8,31.0
2,126.0,27.0,17.4,27.2,136.0,79.0,39.9,66.2,157.1,54.0
1,280.0,60.0,23.9,52.4,123.0,75.0,3.0,69.9,170.6,24.0
4,195.0,53.0,19.5,35.8,109.0,63.0,16.1,69.4,174.5,28.0
3,214.0,55.0,18.4,42.3,127.0,79.0,18.9,76.2,171.5,35.0
2,232.0,45.0,19.0,41.2,141.0,87.0,15.7,69.4,171.4,25.0
3,191.0,37.0,4.8,36.3,143.0,93.0,20.6,65.8,164.0,32.0
1,173.0,64.0,24.5,29.0,124.0,60.0,24.3,55.68,160.4,27.0
3,181.0,30.0,10.4,33.0,122.0,77.0,20.7,58.4,166.8,63.0
2,277.0,56.0,18.1,40.7,140.0,69.0,12.4,63.3,167.3,26.0
3,220.0,40.0,16.2,53.6,149.0,88.0,17.5,65.5,167.8,28.0
3,156.0,30.0,21.8,21.2,117.0,77.0,30.1,55.7,159.4,35.0
1,180.0,36.0,18.7,44.9,154.0,80.0,23.5,75.0,171.4,56.0
2,165.0,40.0,22.0,31.3,128.0,53.0,30.2,66.0,166.6,24.0
3,229.0,43.0,7.6,45.5,144.0,77.0,25.6,79.6,181.6,42.0
4,207.0,40.0,3.2,38.5,151.0,91.0,29.2,92.6,180.0,27.0
2,218.0,38.0,9.1,52.3,139.0,99.0,22.0,78.7,172.5,46.0
3,232.0,53.0,11.6,45.4,140.0,84.0,24.6,70.8,173.3,28.0
4,185.0,26.0,-8.7,30.7,153.0,94.0,30.7,96.7,175.3,48.0
3,235.0,39.0,11.4,40.9,118.0,75.0,10.8,62.2,171.6,28.0
4,183.0,45.0,15.6,38.9,149.0,83.0,27.7,73.84,169.3,37.0
2,228.0,44.0,14.5,40.4,125.0,81.0,17.7,67.1,168.1,35.0
2,224.0,57.0,25.3,62.3,159.0,97.0,20.8,83.6,170.0,37.0
1,210.0,47.0,20.8,25.2,127.0,72.0,19.5,60.5,167.0,28.0
1,228.0,66.0,16.1,45.5,119.0,82.0,22.2,70.7,171.5,30.0
1,193.0,50.0,13.9,43.9,122.0,82.0,24.8,76.1,167.8,50.0
3,0.0,38.0,11.2,28.5,110.0,62.0,34.0,66.2,167.4,22.0
3,200.0,31.0,8.4,43.3,145.0,99.0,24.8,77.1,170.0,46.0
4,136.0,27.0,0.0,23.7,114.0,79.0,25.7,55.1,165.1,31.0
1,168.0,37.0,23.6,30.9,135.0,85.0,29.9,67.1,164.6,54.0
1,159.0,32.0,20.8,27.5,117.0,73.0,24.17116,49.9,155.4,36.0
4,193.0,18.0,14.4,39.5,155.0,117.0,38.6,96.6,171.9,37.0
3,242.0,38.0,14.3,56.0,137.0,88.0,14.1,73.1,172.0,37.0
4,201.0,26.0,-5.3,49.5,134.0,82.0,27.0,88.7,183.5,21.0
4,124.0,19.0,20.7,21.7,98.0,47.0,33.5,59.8,152.7,62.0
3,117.0,31.0,18.1,28.1,137.0,80.0,31.4,54.4,153.5,47.0
1,187.0,54.0,22.1,29.6,115.0,77.0,29.1,58.7,160.4,24.0
2,238.0,48.0,23.2,47.1,130.0,79.0,22.7,81.8,174.8,26.0
4,122.0,3.0,16.0,25.0,137.0,60.0,32.8,55.9,161.1,29.0
2,116.0,30.0,24.0,21.5,114.0,67.0,31.8,52.2,155.1,60.0
4,182.0,35.0,3.3,48.9,146.0,99.0,31.9,87.7,174.5,45.0
4,51.0,0.0,15.2,23.5,145.0,85.0,43.7,82.3,164.7,61.0
1,182.0,33.0,15.9,40.9,148.0,78.0,20.0,57.6,163.9,63.0
1,182.0,46.0,22.4,24.9,107.0,72.0,20.8,45.0,152.9,22.0
2,208.0,54.0,13.4,38.8,109.0,61.0,11.9,69.5,185.9,21.0
1,252.0,58.0,22.3,52.0,117.0,74.0,15.5,77.5,177.3,32.0
1,166.0,41.0,18.6,35.9,131.0,83.0,28.2,63.2,164.5,26.0
3,182.0,53.0,6.3,52.0,130.0,76.0,16.7,75.1,179.3,22.0
1,173.0,43.0,24.0,23.6,141.0,77.0,24.3,48.8,159.5,28.0
1,157.0,52.0,19.0,26.4,141.0,89.0,22.4,53.3,160.6,28.0
1,170.0,41.0,20.5,29.0,97.0,69.0,34.3,61.0,167.2,30.0
2,171.0,54.0,21.1,21.3,135.0,77.0,20.9,49.0,159.3,26.0
4,60.0,4.0,6.0,25.6,160.0,88.0,31.3,55.9,156.9,63.0
2,190.0,44.0,22.4,21.4,125.0,67.0,22.3,47.4,164.2,22.0
1,262.0,63.0,18.5,41.0,115.0,54.0,12.0,66.8,173.0,23.0
2,216.0,44.0,17.5,39.3,142.0,81.0,20.5,70.9,172.2,42.0
3,218.0,59.0,7.8,50.1,112.0,62.0,14.7,70.6,172.0,24.0
4,213.0,49.0,19.3,64.9,133.0,78.0,28.3,117.5,186.8,33.0
1,268.0,65.0,25.4,50.5,115.0,69.0,9.7,71.7,170.6,34.0
2,159.0,39.0,27.5,24.1,102.0,66.0,15.9,54.0,168.2,24.0
3,179.0,45.0,14.4,28.9,120.0,80.0,28.3,59.44,164.3,22.0
4,136.0,28.0,18.3,22.5,123.0,78.0,33.9,54.7,154.0,33.0
2,146.0,27.0,7.4,31.9,158.0,95.0,35.2,74.2,165.5,60.0
2,223.0,49.0,17.4,44.1,151.0,84.0,22.0,77.4,171.0,25.0
4,222.0,52.0,-1.6,40.5,141.0,78.0,24.1,80.8,182.0,27.0
2,218.0,58.0,21.2,53.6,124.0,74.0,17.0,79.0,177.0,26.0
1,139.0,25.0,25.7,24.7,122.0,90.0,28.5,50.0,159.5,56.0
3,181.0,23.0,8.1,34.7,139.0,75.0,24.9,64.6,159.3,63.0
4,217.0,42.0,3.7,40.9,116.0,70.0,17.2,62.3,169.3,22.0
2,187.0,31.0,21.5,30.5,98.0,57.0,28.5,58.2,160.7,24.0
2,215.0,39.0,13.1,46.9,151.0,96.0,24.7,77.7,173.5,38.0
3,164.0,29.0,26.2,40.5,145.0,88.0,20.8,72.9,171.5,54.0
3,192.0,47.0,21.2,53.1,145.0,94.0,22.1,93.5,182.0,25.0
4,94.0,9.0,14.0,20.3,133.0,84.0,37.4,53.3,148.2,59.0
1,185.0,40.0,29.1,27.5,131.0,85.0,22.7,52.4,163.2,22.0
4,170.0,21.0,9.8,27.2,111.0,55.0,28.9,55.9,167.9,24.0
1,168.0,47.0,24.6,28.3,117.0,69.0,20.3,55.4,164.9,24.0
4,159.0,34.0,-0.4,41.5,158.0,95.0,36.6,96.4,175.6,22.0
3,110.0,13.0,16.3,25.1,160.0,92.0,35.6,61.9,161.0,55.0
4,110.0,0.0,-4.0,17.2,120.0,64.0,34.6,63.8,163.0,46.0
2,212.0,30.0,30.6,27.0,128.0,77.0,33.9,71.0,168.6,22.0
2,147.0,37.0,24.2,33.0,119.0,73.0,25.14121,56.9,162.1,26.0
4,183.0,35.0,10.0,34.6,129.0,78.0,26.5,69.2,166.8,29.0
4,196.0,28.0,9.1,37.3,154.0,93.0,27.6,71.1,167.2,46.0
4,173.0,37.0,4.0,42.7,142.0,82.0,28.0,66.1,161.1,61.0
4,211.0,35.0,2.2,47.2,117.0,64.0,16.4,73.0,173.7,21.0
1,104.0,33.0,19.7,23.0,133.0,90.0,31.7,52.4,151.2,32.0
2,211.0,45.0,15.1,39.9,132.0,77.0,24.1,74.8,171.8,27.0
2,222.0,51.0,22.2,41.1,113.0,72.0,17.8,70.5,179.4,22.0
2,170.0,31.0,12.7,43.0,143.0,83.0,19.0,73.9,177.7,58.0
2,237.0,50.0,11.7,43.1,121.0,73.0,14.4,65.9,172.3,26.0
1,175.0,47.0,19.9,26.5,115.0,61.0,29.7,64.0,164.2,21.0
3,191.0,27.0,15.9,40.1,137.0,77.0,24.5,75.9,169.4,59.0
4,131.0,13.0,8.4,26.5,118.0,77.0,33.6,65.3,173.3,24.0
1,211.0,54.0,20.2,37.8,133.0,87.0,12.2,62.0,168.0,45.0
1,245.0,56.0,18.2,56.2,155.0,86.0,16.5,78.6,179.4,22.0
4,228.0,52.0,9.2,58.0,156.0,85.0,35.2,125.7,191.6,35.0
2,200.0,49.0,12.0,33.0,144.0,94.0,22.6,64.0,169.1,28.0
2,142.0,43.0,26.1,27.0,124.0,59.0,27.8,57.22,158.4,29.0
2,165.0,35.0,11.1,41.2,130.0,80.0,28.1,73.9,169.7,60.0
1,275.0,67.0,18.2,56.8,156.0,97.0,10.2,73.9,184.9,22.0
3,172.0,39.0,18.8,20.9,110.0,77.0,25.0,54.8,172.8,21.0
3,228.0,39.0,6.8,46.1,137.0,97.0,22.5,70.0,173.4,37.0
1,149.0,34.0,24.5,21.9,129.0,84.0,23.9,47.6,154.0,35.0
1,161.0,37.0,25.0,33.3,123.0,71.0,18.3,58.9,170.0,26.0
4,119.0,7.0,15.3,23.1,135.0,73.0,29.1,59.8,161.3,57.0
2,239.0,53.0,18.6,44.5,148.0,95.0,10.6,65.2,177.9,29.0
1,205.0,56.0,18.0,61.4,122.0,80.0,22.8,98.5,181.5,35.0
2,225.0,57.0,20.9,39.0,139.0,76.0,15.6,67.9,167.7,38.0
4,221.0,43.0,5.3,44.3,131.0,84.0,26.2,63.2,164.3,28.0
3,184.0,19.0,11.7,37.8,157.0,89.0,22.0,59.8,167.4,63.0
1,230.0,60.0,22.4,52.2,142.0,76.0,14.8,68.8,167.8,47.0
3,197.0,35.0,5.8,46.8,158.0,96.0,20.2,74.5,168.2,57.0
1,226.0,57.0,26.4,56.9,116.0,68.0,13.1,85.08,180.0,30.0
2,198.0,46.0,27.3,36.4,135.0,78.0,15.7,66.0,164.6,35.0
4,273.0,36.0,19.1,36.4,121.0,83.0,20.0,63.5,165.7,24.0
2,158.0,29.0,18.3,20.0,118.0,76.0,24.2,45.8,158.6,28.0
2,194.0,39.0,15.8,42.0,135.0,88.0,20.0,72.4,174.5,59.0
4,214.0,26.0,3.7,36.3,130.0,77.0,22.3,65.74,172.1,42.0
1,216.0,48.0,14.5,41.0,136.0,88.0,14.1,56.1,164.7,45.0
2,126.0,25.0,16.4,27.6,140.0,78.0,25.6,55.0,163.3,51.0
2,169.0,27.0,19.6,24.3,127.0,74.0,19.4,45.0,162.1,39.0
4,209.0,28.0,19.1,47.0,134.0,75.0,28.1,75.6,169.5,40.0
3,161.0,27.0,12.8,24.9,100.0,67.0,28.2,56.18,163.5,25.0
4,95.0,12.0,5.1,22.1,157.0,97.0,47.1,82.0,155.6,58.0
1,260.0,53.0,16.6,43.6,151.0,90.0,15.8,94.72,181.2,29.0
4,234.0,57.0,7.7,42.5,155.0,83.0,16.1,72.4,172.1,24.0
2,180.0,34.0,9.7,43.6,158.0,83.0,17.8,65.5,167.5,58.0
4,133.0,23.0,-2.7,23.9,107.0,55.0,24.3,44.9,156.3,38.0
3,185.0,42.0,3.0,37.2,106.0,64.0,23.7,71.52,172.1,62.0
1,168.0,38.0,28.6,29.7,129.0,77.0,18.2,48.5,156.4,35.0
1,211.0,57.0,25.4,27.4,125.0,96.0,19.2,47.9,159.3,31.0
1,193.0,44.0,16.3,35.7,124.0,76.0,17.3,53.8,163.5,51.0
3,200.0,44.0,15.0,39.7,122.0,79.0,18.2,75.1,174.9,24.0
1,224.0,47.0,18.1,45.2,145.0,96.0,12.6,71.5,175.2,30.0
2,212.0,55.0,17.5,49.3,124.0,86.0,19.9,80.8,172.5,36.0
1,185.0,43.0,19.1,27.1,122.0,74.0,19.5,53.56,158.5,36.0
1,177.0,42.0,21.9,32.5,118.0,69.0,31.3,62.4,160.0,26.0
4,194.0,37.0,27.3,50.1,159.0,97.0,31.0,88.1,175.5,39.0
3,205.0,38.0,12.3,38.3,125.0,74.0,28.0,70.8,169.1,28.0
1,240.0,48.0,17.9,44.8,152.0,80.0,19.7,76.2,175.1,31.0
3,201.0,42.0,8.6,46.5,117.0,51.0,26.0,69.5,167.1,32.0
2,167.0,45.0,19.2,28.7,141.0,72.0,32.3,58.8,153.9,21.0
2,191.0,28.0,16.0,32.9,134.0,91.0,29.3,74.0,164.3,60.0
3,226.0,58.0,14.5,34.6,125.0,75.0,18.4,76.4,172.8,23.0
3,255.0,71.0,24.9,47.0,124.0,75.0,11.2,92.5,186.4,21.0
4,150.0,12.0,-14.3,19.0,113.0,66.0,24.5,51.7,164.0,45.0
1,223.0,54.0,23.6,50.4,121.0,79.0,19.6,68.2,168.5,31.0
1,227.0,51.0,17.5,44.2,130.0,77.0,19.4,63.38,168.4,31.0
4,190.0,30.0,11.9,43.8,152.0,91.0,33.0,95.5,169.9,26.0
3,136.0,20.0,17.1,17.1,108.0,56.0,25.5,51.1,162.7,43.0
3,159.0,32.0,18.9,30.0,131.0,77.0,24.5,60.2,168.6,28.0
4,216.0,41.0,4.6,31.1,133.0,80.0,11.2,45.5,157.5,21.0
4,228.0,53.0,2.1,38.2,109.0,70.0,16.6,64.6,170.3,26.0
3,176.0,48.0,17.5,34.4,116.0,69.0,31.6,77.9,168.2,21.0
3,234.0,58.0,17.1,50.1,128.0,85.0,21.2,71.1,169.3,21.0
4,194.0,31.0,16.8,34.2,119.0,88.0,28.1,72.5,172.1,37.0
3,145.0,32.0,2.3,36.1,147.0,89.0,26.1,69.7,167.2,61.0
1,197.0,44.0,19.4,29.2,119.0,84.0,22.0,49.24,160.7,29.0
1,135.0,34.0,22.5,24.2,151.0,81.0,34.8,62.54,163.3,59.0
2,260.0,54.0,15.4,43.0,138.0,76.0,11.2,70.3,173.0,21.0